[Ions]
Number=6
Ion1=Al
Ion2=Fe
Ion3=H
Ion4=O
Ion5=C
Ion6=un1

[Ranges]
Number=12
Range1=13.3880 13.6160 Vol:0.01661 Al:1 Color:0099FF
Range2=8.9770 9.0200 Vol:0.01661 Al:1 Color:0099FF
Range3=13.9670 14.0210 Vol:0.01661 Al:1 Color:0099FF
Range4=26.9140 27.0550 Vol:0.01177 Fe:1 Color:00CC00
Range5=27.7160 28.2400 Vol:0.01177 Fe:1 Color:00CC00
Range6=28.4060 28.5420 Vol:0.01177 Fe:1 Color:00CC00
Range7=28.9190 29.0390 Vol:0.01177 Fe:1 Color:00CC00
Range8=1.0040 1.0230 Vol:0.00000 H:1 Color:CCCC00
Range9=15.9670 16.0410 Vol:0.02883 O:1 Color:00CCFF
Range10=11.9880 12.0180 Vol:0.00878 C:1 Color:660033
Range11=5.9920 6.0170 Vol:0.00878 C:1 Color:660033
Range12=21.4440 21.5410 Vol:0.00000 Name:un1 Color:FF0000
